0 0.09111 1 14 1, 0.020011 0.019999
0 0.01000 3 25 3, 0.114547 0.115613
1 0.00800 1 26 1, 0.027567 0.027790
2 0.10000 1 38 2, 0.329340 0.329418
3 0.04667 1 15 3, 0.102943 0.104180
4 0.00200 2 37 1, 0.025498 0.025472
5 0.02889 3 24 1, 0.015386 0.015447
6 0.08222 5 14 2, 0.329340 0.329418
7 0.00300 5 33 2, 1246.803711 276.975891
8 0.00100 1 40 1, 0.036301 0.036278
9 0.02889 3 25 3, 0.152132 0.152237
10 0.09111 5 39 3, 0.668118 0.668953
11 0.02000 2 21 1, 0.018275 0.018191
12 0.11000 3 25 2, 0.329340 0.329418
13 0.00700 5 28 1, 0.019908 0.019867
14 0.00900 5 32 3, 0.199728 0.201563
15 0.07333 5 22 1, 0.083940 0.084263
16 0.00010 5 33 3, 0.307634 0.307779
17 0.01000 3 34 2, 0.251706 0.249379
18 0.00200 1 10 3, 0.054621 0.054604
19 0.00900 5 21 2, 0.465969 0.332405
20 0.12000 3 22 2, 0.329340 0.329418
21 0.00100 1 36 2, 0.329517 0.329418
22 0.12000 2 27 3, 0.502348 0.503195
23 0.00400 3 27 1, 0.023517 0.023637
24 0.01000 3 22 2, 0.335117 0.329418
25 0.00900 1 10 2, 0.200196 0.200392
26 0.09111 1 10 1, 0.026939 0.027001
27 0.03778 2 20 2, 0.329340 0.329418
28 0.04667 3 24 2, 0.329340 0.329418
29 0.06444 4 17 1, 0.038681 0.038974
30 0.09111 5 15 3, 0.399759 0.401733
31 0.00010 4 25 1, 0.055331 0.055464
32 0.00800 2 35 3, 0.208883 0.210067
33 0.00200 2 34 2, 0.330995 0.329522
34 0.08222 5 28 2, 0.329340 0.329418
35 0.00300 1 18 3, 0.046589 0.046670
36 0.12000 5 35 3, 0.501990 0.502895
37 0.03778 2 28 1, 0.015942 0.015994
38 0.10000 5 36 1, 0.087319 0.087509
39 0.06444 3 38 2, 0.329340 0.329418
40 0.02889 4 23 3, 0.126578 0.128111
