0 0.03002 11 11 3, 0.037110 0.037197
1 0.07883 11 11 1, 0.034792 0.034898
2 0.01888 17 15 1, 0.034606 0.034709
3 0.03735 15 15 1, 0.034702 0.034798
4 0.06387 12 14 2, 0.178810 0.179260
0 0.00010 19 6 1, 0.034535 0.034628
1 0.10000 12 8 2, 0.178810 0.179260
2 0.00800 12 16 1, 0.034595 0.034694
3 0.00700 11 8 2, 0.178870 0.179255
4 0.01000 8 4 2, 0.089973 0.090300
5 0.03778 3 10 2, 0.131896 0.132350
6 0.09111 11 16 3, 0.579257 0.579752
7 0.02000 18 16 1, 0.034605 0.034692
8 0.00010 3 9 1, 0.030651 0.030695
9 0.00200 20 3 1, 0.034539 0.034633
10 0.00200 2 10 3, 0.015251 0.015369
11 0.11000 7 10 3, 0.309321 0.309508
12 0.05556 14 3 2, 0.112323 0.112480
0 0.02000 2 10 3, 0.017844 0.018015
1 0.00300 12 3 1, 0.034550 0.034647
2 0.12000 1 7 2, 0.156578 0.157097
3 0.00300 14 16 3, 0.078954 0.078758
4 0.06444 8 7 1, 0.034621 0.034718
5 0.04667 3 3 2, 0.067986 0.068078
6 0.07333 7 10 2, 0.123672 0.124010
7 0.07333 11 4 1, 0.034666 0.034756
8 0.07333 13 3 2, 0.046097 0.046308
9 0.00600 4 2 3, 0.028889 0.028971
10 0.00200 5 2 2, 0.141559 0.142072
11 0.00400 18 7 3, 0.029018 0.028997
12 0.02000 12 16 3, 0.124109 0.124687
13 0.00700 8 16 2, 0.178810 0.179260
14 0.06444 6 2 2, 0.090220 0.090450
15 0.02889 12 6 3, 0.035200 0.035346
16 0.02889 6 9 2, 0.090211 0.090438
17 0.08222 16 5 2, 0.134358 0.134676
18 0.00700 15 8 1, 0.034574 0.034671
19 0.00050 19 5 3, 0.030659 0.030710
20 0.00050 2 13 1, 0.011429 0.011543
21 0.06444 16 9 1, 0.034637 0.034739
22 0.00900 18 3 3, 0.034600 0.034690
23 0.08222 20 15 1, 0.034705 0.034803
24 0.00400 13 15 2, nan nan
25 0.00900 20 13 2, nan nan
26 0.09111 17 15 2, nan nan
27 0.04667 10 11 2, 0.167711 0.168189
28 0.10000 4 14 2, 0.178810 0.179260
29 0.10000 19 12 2, nan nan
30 0.03778 11 4 2, 0.090090 0.090435
31 0.00600 5 2 2, 0.134425 0.134954
32 0.00900 15 12 3, 0.079076 0.079515
33 0.00800 6 15 2, 0.192686 0.179260
34 0.02000 12 4 1, 0.034544 0.034643
35 0.01000 18 9 2, nan nan
36 0.06444 10 7 1, 0.034669 0.034777
37 0.08222 5 6 2, 0.090223 0.090322
38 0.00500 5 11 3, 0.023070 0.023196
39 0.02889 1 2 3, 0.026252 0.026234
40 0.00400 16 3 1, 0.034547 0.034648
41 0.03778 5 15 3, 0.080214 0.080737
42 0.00400 20 13 2, nan nan
43 0.09111 3 3 2, 0.123341 0.123772
44 0.02000 6 9 1, 0.018235 0.018432
45 0.00700 7 2 1, 0.034572 0.034677
46 0.00300 5 9 1, 0.021150 0.021323
47 0.11000 14 13 2, nan nan
48 0.00600 4 7 1, 0.018569 0.018687
49 0.05556 9 7 2, 0.112116 0.112643
50 0.02000 14 9 3, 0.035313 0.035408
51 0.03778 8 4 3, 0.035313 0.035379
52 0.04667 20 2 2, 0.090077 0.090186
53 0.05556 12 10 2, 0.178810 0.179260
54 0.00500 16 15 1, 0.034679 0.034773
55 0.12000 19 10 1, 0.035120 0.035198
