0.02889 3 24 1, 0.012353 0.012351
0.00002 1 34 1, 0.073274 0.073374
0.00000 2 54 2, 703189.937500 703208.812500
0.00001 4 5 1, 0.110462 0.110688
0.00177 3 19 1, 0.029160 0.029225
0.02865 4 23 3, 0.251524 0.252021
0.00044 2 8 1, 0.055287 0.055364
0.00000 2 7 3, 0.807660 0.809347
0.05736 4 34 2, 0.329364 0.329620
0.01815 1 22 2, 0.275454 0.275551
0.00001 3 57 3, 0.462268 0.462795
0.01857 2 42 1, 0.012642 0.012674
0.00007 2 48 1, 0.042509 0.042540
0.08737 4 27 2, 0.329364 0.329620
0.00001 3 50 1, 0.193816 0.193940
0.00472 4 50 2, 2.371542 0.355008
0.00244 4 39 3, 0.119021 0.119380
0.00118 4 27 1, 0.025737 0.025811
0.00064 2 27 2, 0.330425 0.330009
0.05838 2 39 2, 0.308514 0.308882
0.00006 3 42 1, 0.041826 0.041832
0.00008 4 25 2, 577.561646 793.958984
0.00007 1 31 3, 0.167908 0.167796
0.00001 1 57 2, 2.080925 2.117840
0.00206 3 40 2, 0.392879 0.329620
0.00057 5 16 1, 0.046616 0.046708
0.00014 3 28 2, 13.266125 28.174210
0.00000 3 25 2, 362216.781250 360950.187500
0.00010 2 48 2, 2.980542 3.719076
0.00387 5 50 2, 5701.068848 19827.789062
0.00008 2 8 2, 0.485107 0.489682
0.00012 3 52 3, 0.155543 0.155631
